{"LOPEZ, MELINA":{"lastSem":6078,"overallStats":[[0,0,0,0,5],[0,0,1,2,2],[0,0,0,2,3],[0,0,1,1,3],[0,0,1,1,3],[0,0,2,1,2],[0,0,1,0,4],[0,0,1,0,4],[0,0,1,1,3]],"courseStats":{"1030":[[0,0,0,0,5],[0,0,1,2,2],[0,0,0,2,3],[0,0,1,1,3],[0,0,1,1,3],[0,0,2,1,2],[0,0,1,0,4],[0,0,1,0,4],[0,0,1,1,3]]}},"MCELROY, CHARLES":{"lastSem":6076,"overallStats":[[3,1,5,31,61],[3,2,5,33,58],[3,1,10,41,45],[3,3,13,26,56],[5,3,12,30,51],[4,6,22,25,43],[5,5,9,27,55],[3,0,4,24,70],[4,5,16,25,50]],"courseStats":{"1030":[[3,1,5,31,61],[3,2,5,33,58],[3,1,10,41,45],[3,3,13,26,56],[5,3,12,30,51],[4,6,22,25,43],[5,5,9,27,55],[3,0,4,24,70],[4,5,16,25,50]]}},"WISE, SHERWOOD":{"lastSem":6041,"overallStats":[[0,2,1,1,1],[1,1,0,2,1],[0,4,0,0,1],[2,2,0,0,1],[2,0,2,0,1],[2,2,0,0,1],[3,0,1,0,1],[0,1,1,2,1],[2,1,1,1,0]],"courseStats":{"1000":[[0,2,1,1,1],[1,1,0,2,1],[0,4,0,0,1],[2,2,0,0,1],[2,0,2,0,1],[2,2,0,0,1],[3,0,1,0,1],[0,1,1,2,1],[2,1,1,1,0]]}}}