{"Travers, Jeanne":{"lastSem":6072,"overallStats":[[2,1,10,12,76],[1,2,7,16,73],[0,2,4,16,76],[1,1,6,12,79],[2,0,4,8,85],[0,1,4,12,82],[1,1,5,13,79],[0,2,8,8,80]],"courseStats":{"4340":[[2,1,10,12,76],[1,2,7,16,73],[0,2,4,16,76],[1,1,6,12,79],[2,0,4,8,85],[0,1,4,12,82],[1,1,5,13,79],[0,2,8,8,80]]}}}