{"ADALIER, KORHAN":{"lastSem":6076,"overallStats":[[2,2,6,34,56],[2,2,2,37,57],[2,1,2,33,62],[2,0,6,33,59],[2,1,6,35,56],[2,1,9,31,57],[2,1,3,25,68],[2,0,0,28,70],[1,0,10,26,61]],"courseStats":{"3101":[[2,2,6,34,56],[2,2,2,37,57],[2,1,2,33,62],[2,0,6,33,59],[2,1,6,35,56],[2,1,9,31,57],[2,1,3,25,68],[2,0,0,28,70],[1,0,10,26,61]]}},"ANDERSON, MARK":{"lastSem":6078,"overallStats":[[5,4,14,23,27],[1,10,10,19,32],[5,3,10,25,30],[5,8,16,15,28],[8,6,20,14,25],[5,4,17,18,28],[5,6,11,21,30],[3,7,10,18,35],[4,9,17,16,25]],"courseStats":{"4004":[[5,4,14,23,27],[1,10,10,19,32],[5,3,10,25,30],[5,8,16,15,28],[8,6,20,14,25],[5,4,17,18,28],[5,6,11,21,30],[3,7,10,18,35],[4,9,17,16,25]]}},"PAMUK, AHMET":{"lastSem":6053,"overallStats":[[0,2,4,4,7],[0,1,6,2,8],[0,1,4,4,8],[0,0,2,8,7],[0,1,3,5,8],[0,0,5,5,7],[0,0,3,3,11],[0,1,3,5,8],[0,0,3,5,9]],"courseStats":{"4004":[[0,2,4,4,7],[0,1,6,2,8],[0,1,4,4,8],[0,0,2,8,7],[0,1,3,5,8],[0,0,5,5,7],[0,0,3,3,11],[0,1,3,5,8],[0,0,3,5,9]]}}}